 Matrix A:
      1.00     -2.00      3.00      4.00
      3.00      2.00      4.00      1.00
      2.00     -3.00      1.00      4.00
 -> Matrix B
      1.00      5.00      6.00      0.00      1.00      2.00
      3.00      4.00      8.00     -8.00      7.00      6.00
      2.00      6.00      7.00      9.00      2.00      4.00
      4.00      3.00      9.00     -7.00      5.00      6.00
 Intermediate Matrix C:
     17.00     27.00     47.00     15.00     13.00     26.00
     21.00     50.00     71.00     13.00     30.00     40.00
     11.00     16.00     31.00      5.00      3.00     14.00
 -> Matrix B
      4.00      3.00      7.00      8.00      4.00      1.00      9.00
     19.00      0.00     -4.00      7.00      5.00      7.00      1.00
     13.00      5.00      2.00      2.00      7.00      5.00      1.00
      0.00      6.00      9.00      0.00      5.00     -1.00      4.00
     -5.00      3.00      6.00     -4.00      8.00     -4.00      0.00
     -3.00      1.00      4.00      7.00      2.00     -1.00      8.00
 Intermediate Matrix C:
   1049.00    441.00    422.00    549.00    763.00    348.00    495.00
   1687.00    626.00    546.00    820.00   1216.00    553.00    682.00
    694.00    241.00    194.00    348.00    418.00    247.00    278.00
 -> Matrix B
      1.00      0.00      3.00      5.00      2.00
      3.00     -2.00      5.00      7.00      5.00
      1.00      1.00     -6.00      3.00      9.00
      5.00     -2.00      5.00     -2.00      0.00
     -2.00      5.00      7.00     -1.00      2.00
      0.00      5.00      4.00      7.00      2.00
      3.00     -2.00      7.00      1.00      2.00
 Intermediate Matrix C:
   5498.00   3007.00  15763.00  10668.00  11313.00
   7825.00   5135.00  24513.00  16152.00  16320.00
   3349.00   1785.00   9723.00   6632.00   6225.00
 -> Matrix B
      3.00      1.00
      2.00      4.00
      7.00      3.00
      5.00      8.00
      5.00      6.00
 Final Matrix Product C:
 242754.00 218037.00
 367696.00 329040.00
 145963.00 130064.00
